service_id,monday,tuesday,wednesday,thursday,friday,saturday,sunday,start_date,end_date
_M008DHv-Dimanche-1-PA_24_25-0000001-,0,0,0,0,0,0,0,20240201,20250228
_M008SaH-Samedi-1-PA_24_25-0000010-,0,0,0,0,0,0,0,20240201,20250228
_M008SeP-Semaine-1-PA_24_25-0000100-,0,0,0,0,0,0,0,20240201,20250228
_M008SeP-Semaine-1-PA_24_25-1111000-,0,0,0,0,0,0,0,20240201,20250228
_M008SeP-Semaine-1-PA_24_25-1111100-,0,0,0,0,0,0,0,20240201,20250228
_M008SeS-Semaine-1-PA_24_25-0000100-,0,0,0,0,0,0,0,20240201,20250228
_M008SeS-Semaine-1-PA_24_25-1111000-,0,0,0,0,0,0,0,20240201,20250228
_M008SeS-Semaine-1-PA_24_25-1111100-,0,0,0,0,0,0,0,20240201,20250228
_M018DHv-Dimanche-1-PA_24_25-0000001-,0,0,0,0,0,0,0,20240201,20250228
_M018SaH-Samedi-1-PA_24_25-0000010-,0,0,0,0,0,0,0,20240201,20250228
_M018SeP-Semaine-1-PA_24_25-0001100-,0,0,0,0,0,0,0,20240201,20250228
_M018SeP-Semaine-1-PA_24_25-1111100-,0,0,0,0,0,0,0,20240201,20250228
_M018SeS-Semaine-1-PA_24_25-0001100-,0,0,0,0,0,0,0,20240201,20250228
_M018SeS-Semaine-1-PA_24_25-1111100-,0,0,0,0,0,0,0,20240201,20250228
_M028DSc-Dimanche-1-PA_24_25-0000001-,0,0,0,0,0,0,0,20240201,20250228
_M028DVs-Dimanche-1-PA_24_25-0000001-,0,0,0,0,0,0,0,20240201,20250228
_M028SaH-Samedi-1-PA_24_25-0000010-,0,0,0,0,0,0,0,20240201,20250228
_M028SeP-Semaine-1-PA_24_25-0001100-,0,0,0,0,0,0,0,20240201,20250228
_M028SeP-Semaine-1-PA_24_25-1111100-,0,0,0,0,0,0,0,20240201,20250228
_M028SeS-Semaine-1-PA_24_25-0000100-,0,0,0,0,0,0,0,20240201,20250228
_M028SeS-Semaine-1-PA_24_25-0001100-,0,0,0,0,0,0,0,20240201,20250228
_M028SeS-Semaine-1-PA_24_25-0010000-,0,0,0,0,0,0,0,20240201,20250228
_M028SeS-Semaine-1-PA_24_25-1111000-,0,0,0,0,0,0,0,20240201,20250228
_M028SeS-Semaine-1-PA_24_25-1111100-,0,0,0,0,0,0,0,20240201,20250228
001-DiHv-Dimanche-1-PA_24_25-0000001-,0,0,0,0,0,0,0,20240201,20250228
001-LVSc-Semaine-3-PA_24_25-0001100-,0,0,0,0,0,0,0,20240201,20250228
001-LVSc-Semaine-3-PA_24_25-1111100-,0,0,0,0,0,0,0,20240201,20250228
001-LVVs-Semaine-1-PA_24_25-0001100-,0,0,0,0,0,0,0,20240201,20250228
001-LVVs-Semaine-1-PA_24_25-1111100-,0,0,0,0,0,0,0,20240201,20250228
001-SaHv-Samedi-3-PA_24_25-0000010-,0,0,0,0,0,0,0,20240201,20250228
002-DiHv-Dimanche-1-PA_24_25-0000001-,0,0,0,0,0,0,0,20240201,20250228
002-LVSc-Semaine-2-PA_24_25-0001100-,0,0,0,0,0,0,0,20240201,20250228
002-LVSc-Semaine-2-PA_24_25-1111100-,0,0,0,0,0,0,0,20240201,20250228
002-LVVs-Semaine-2-PA_24_25-0001100-,0,0,0,0,0,0,0,20240201,20250228
002-LVVs-Semaine-2-PA_24_25-1111100-,0,0,0,0,0,0,0,20240201,20250228
002-SaHv-Samedi-2-PA_24_25-0000010-,0,0,0,0,0,0,0,20240201,20250228
003-DiHv-Dimanche-1-PA_24_25-0000001-,0,0,0,0,0,0,0,20240201,20250228
003-LVSc-Semaine-1-PA_24_25-0001100-,0,0,0,0,0,0,0,20240201,20250228
003-LVSc-Semaine-1-PA_24_25-1111100-,0,0,0,0,0,0,0,20240201,20250228
003-LVVs-Semaine-1-PA_24_25-0001100-,0,0,0,0,0,0,0,20240201,20250228
003-LVVs-Semaine-1-PA_24_25-1111100-,0,0,0,0,0,0,0,20240201,20250228
003-SaHv-Samedi-1-PA_24_25-0000010-,0,0,0,0,0,0,0,20240201,20250228
006-DiHv-Dimanche-1-PA_24_25-0000001-,0,0,0,0,0,0,0,20240201,20250228
006-LVSc-Semaine-1-PA_24_25-1101100-,0,0,0,0,0,0,0,20240201,20250228
006-LVSc-Semaine-1-PA_24_25-1111100-,0,0,0,0,0,0,0,20240201,20250228
006-LVVs-Semaine-1-PA_24_25-1111100-,0,0,0,0,0,0,0,20240201,20250228
006-SaHv-Samedi-1-PA_24_25-0000010-,0,0,0,0,0,0,0,20240201,20250228
009-DiHv-Dimanche-1-PA_24_25-0000001-,0,0,0,0,0,0,0,20240201,20250228
009-LVSc-Semaine-1-PA_24_25-1111100-,0,0,0,0,0,0,0,20240201,20250228
009-LVVs-Semaine-1-PA_24_25-1111100-,0,0,0,0,0,0,0,20240201,20250228
009-SaHv-Samedi-1-PA_24_25-0000010-,0,0,0,0,0,0,0,20240201,20250228
010-LVSc-Semaine-1-PA_24_25-1111100-,0,0,0,0,0,0,0,20240201,20250228
010-LVVs-Semaine-1-PA_24_25-1111100-,0,0,0,0,0,0,0,20240201,20250228
010-SaHv-Samedi-1-PA_24_25-0000010-,0,0,0,0,0,0,0,20240201,20250228
011-DiHv-Dimanche-1-PA_24_25-0000001-,0,0,0,0,0,0,0,20240201,20250228
011-LVSc-Semaine-1-PA_24_25-1111100-,0,0,0,0,0,0,0,20240201,20250228
011-LVVs-Semaine-1-PA_24_25-1111100-,0,0,0,0,0,0,0,20240201,20250228
011-SaHv-Samedi-1-PA_24_25-0000010-,0,0,0,0,0,0,0,20240201,20250228
012-DiHv-Dimanche-1-PA_24_25-0000001-,0,0,0,0,0,0,0,20240201,20250228
012-LVSc-Semaine-1-PA_24_25-1111100-,0,0,0,0,0,0,0,20240201,20250228
012-LVVs-Semaine-1-PA_24_25-1111100-,0,0,0,0,0,0,0,20240201,20250228
012-SaHv-Samedi-1-PA_24_25-0000010-,0,0,0,0,0,0,0,20240201,20250228
015-LVSc-Semaine-1-PA_24_25-1111100-,0,0,0,0,0,0,0,20240201,20250228
015-LVVs-Semaine-1-PA_24_25-1111100-,0,0,0,0,0,0,0,20240201,20250228
015-SaHv-Samedi-1-PA_24_25-0000010-,0,0,0,0,0,0,0,20240201,20250228
016-DiHv-Dimanche-2-PA_24_25-0000001-,0,0,0,0,0,0,0,20240201,20250228
016-LVSc-Semaine-2-PA_24_25-1111100-,0,0,0,0,0,0,0,20240201,20250228
016-LVVs-Semaine-1-PA_24_25-1111100-,0,0,0,0,0,0,0,20240201,20250228
016-SaHv-Samedi-2-PA_24_25-0000010-,0,0,0,0,0,0,0,20240201,20250228
017-DiHv-Dimanche-1-PA_24_25-0000001-,0,0,0,0,0,0,0,20240201,20250228
017-LVSc-Semaine-5-PA_24_25-1111100-,0,0,0,0,0,0,0,20240201,20250228
017-LVVs-Semaine-1-PA_24_25-1111100-,0,0,0,0,0,0,0,20240201,20250228
017-SaHv-Samedi-2-PA_24_25-0000010-,0,0,0,0,0,0,0,20240201,20250228
018-DiHv-Dimanche-2-PA_24_25-0000001-,0,0,0,0,0,0,0,20240201,20250228
018-LVSc-Semaine-1-PA_24_25-0001100-,0,0,0,0,0,0,0,20240201,20250228
018-LVSc-Semaine-1-PA_24_25-1111100-,0,0,0,0,0,0,0,20240201,20250228
018-LVVs-Semaine-1-PA_24_25-0001100-,0,0,0,0,0,0,0,20240201,20250228
018-LVVs-Semaine-1-PA_24_25-1111100-,0,0,0,0,0,0,0,20240201,20250228
018-SaHv-Samedi-1-PA_24_25-0000010-,0,0,0,0,0,0,0,20240201,20250228
020-DiHv-Dimanche-1-PA_24_25-0000001-,0,0,0,0,0,0,0,20240201,20250228
020-LVSc-Semaine-1-PA_24_25-0010000-,0,0,0,0,0,0,0,20240201,20250228
020-LVSc-Semaine-1-PA_24_25-1111100-,0,0,0,0,0,0,0,20240201,20250228
020-LVVs-Semaine-1-PA_24_25-1111100-,0,0,0,0,0,0,0,20240201,20250228
020-SaHv-Samedi-1-PA_24_25-0000010-,0,0,0,0,0,0,0,20240201,20250228
023-LVSc-Semaine-1-PA_24_25-1111100-,0,0,0,0,0,0,0,20240201,20250228
023-LVSc-Semaine-2-PA_24_25-0010000-,0,0,0,0,0,0,0,20240201,20250228
023-LVSc-Semaine-2-PA_24_25-1101100-,0,0,0,0,0,0,0,20240201,20250228
023-LVSc-Semaine-2-PA_24_25-1111100-,0,0,0,0,0,0,0,20240201,20250228
023-LVVs-Semaine-1-PA_24_25-1111100-,0,0,0,0,0,0,0,20240201,20250228
023-SaHv-Samedi-1-PA_24_25-0000010-,0,0,0,0,0,0,0,20240201,20250228
028-DiHv-Dimanche-1-PA_24_25-0000001-,0,0,0,0,0,0,0,20240201,20250228
028-LVSc-Semaine-1-PA_24_25-1101100-,0,0,0,0,0,0,0,20240201,20250228
028-LVSc-Semaine-1-PA_24_25-1111100-,0,0,0,0,0,0,0,20240201,20250228
028-LVVs-Semaine-1-PA_24_25-1111100-,0,0,0,0,0,0,0,20240201,20250228
028-SaHv-Samedi-1-PA_24_25-0000010-,0,0,0,0,0,0,0,20240201,20250228
029-DiHv-Dimanche-1-PA_24_25-0000001-,0,0,0,0,0,0,0,20240201,20250228
029-LVSc-Semaine-1-PA_24_25-0001000-,0,0,0,0,0,0,0,20240201,20250228
029-LVSc-Semaine-1-PA_24_25-0010000-,0,0,0,0,0,0,0,20240201,20250228
029-LVSc-Semaine-1-PA_24_25-1101100-,0,0,0,0,0,0,0,20240201,20250228
029-LVSc-Semaine-1-PA_24_25-1111100-,0,0,0,0,0,0,0,20240201,20250228
029-LVSc-Semaine-2-PA_24_25-1111100-,0,0,0,0,0,0,0,20240201,20250228
029-LVVs-Semaine-1-PA_24_25-1111100-,0,0,0,0,0,0,0,20240201,20250228
029-SaHv-Samedi-1-PA_24_25-0000010-,0,0,0,0,0,0,0,20240201,20250228
031-LVSc-Semaine-1-PA_24_25-1111100-,0,0,0,0,0,0,0,20240201,20250228
031-LVVs-Semaine-1-PA_24_25-1111100-,0,0,0,0,0,0,0,20240201,20250228
031-SaHv-Samedi-1-PA_24_25-0000010-,0,0,0,0,0,0,0,20240201,20250228
033-LVHv-Semaine-1-PA_24_25-1111100-,0,0,0,0,0,0,0,20240201,20250228
033-SaHv-Samedi-1-PA_24_25-0000010-,0,0,0,0,0,0,0,20240201,20250228
036-DiHv-Dimanche-1-PA_24_25-0000001-,0,0,0,0,0,0,0,20240201,20250228
036-LVSc-Semaine-2-PA_24_25-1101100-,0,0,0,0,0,0,0,20240201,20250228
036-LVSc-Semaine-2-PA_24_25-1111100-,0,0,0,0,0,0,0,20240201,20250228
036-LVVs-Semaine-1-PA_24_25-1111100-,0,0,0,0,0,0,0,20240201,20250228
036-SaHv-Samedi-1-PA_24_25-0000010-,0,0,0,0,0,0,0,20240201,20250228
039-DiHv-Dimanche-1-PA_24_25-0000001-,0,0,0,0,0,0,0,20240201,20250228
039-LVSc-Semaine-1-PA_24_25-0001100-,0,0,0,0,0,0,0,20240201,20250228
039-LVSc-Semaine-1-PA_24_25-1101100-,0,0,0,0,0,0,0,20240201,20250228
039-LVSc-Semaine-1-PA_24_25-1111100-,0,0,0,0,0,0,0,20240201,20250228
039-LVSc-Semaine-2-PA_24_25-0010000-,0,0,0,0,0,0,0,20240201,20250228
039-LVSc-Semaine-2-PA_24_25-1101100-,0,0,0,0,0,0,0,20240201,20250228
039-LVSc-Semaine-2-PA_24_25-1111100-,0,0,0,0,0,0,0,20240201,20250228
039-LVVs-Semaine-1-PA_24_25-0001100-,0,0,0,0,0,0,0,20240201,20250228
039-LVVs-Semaine-1-PA_24_25-1111100-,0,0,0,0,0,0,0,20240201,20250228
039-SaHv-Samedi-1-PA_24_25-0000010-,0,0,0,0,0,0,0,20240201,20250228
040-DiHv-Dimanche-1-PA_24_25-0000001-,0,0,0,0,0,0,0,20240201,20250228
040-LVSc-Semaine-1-PA_24_25-1111100-,0,0,0,0,0,0,0,20240201,20250228
040-LVVs-Semaine-1-PA_24_25-1111100-,0,0,0,0,0,0,0,20240201,20250228
040-SaHv-Samedi-1-PA_24_25-0000010-,0,0,0,0,0,0,0,20240201,20250228
055-LVSc-Semaine-2-PA_24_25-1101100-,0,0,0,0,0,0,0,20240201,20250228
055-LVSc-Semaine-2-PA_24_25-1111100-,0,0,0,0,0,0,0,20240201,20250228
055-LVVs-Semaine-1-PA_24_25-1111100-,0,0,0,0,0,0,0,20240201,20250228
055-SaHv-Samedi-1-PA_24_25-0000010-,0,0,0,0,0,0,0,20240201,20250228
063-DiHv-Dimanche-1-PA_24_25-0000001-,0,0,0,0,0,0,0,20240201,20250228
063-LVHv-Semaine-2-PA_24_25-1111100-,0,0,0,0,0,0,0,20240201,20250228
063-SaHv-Samedi-1-PA_24_25-0000010-,0,0,0,0,0,0,0,20240201,20250228
067-DiHv-Dimanche-1-PA_24_25-0000001-,0,0,0,0,0,0,0,20240201,20250228
067-LVSc-Semaine-2-PA_24_25-1111100-,0,0,0,0,0,0,0,20240201,20250228
067-LVVs-Semaine-1-PA_24_25-1111100-,0,0,0,0,0,0,0,20240201,20250228
067-SaHv-Samedi-1-PA_24_25-0000010-,0,0,0,0,0,0,0,20240201,20250228
070-DiHv-Dimanche-1-PA_24_25-0000001-,0,0,0,0,0,0,0,20240201,20250228
070-LVSc-Semaine-1-PA_24_25-0001100-,0,0,0,0,0,0,0,20240201,20250228
070-LVSc-Semaine-1-PA_24_25-0010000-,0,0,0,0,0,0,0,20240201,20250228
070-LVSc-Semaine-1-PA_24_25-1111100-,0,0,0,0,0,0,0,20240201,20250228
070-LVVs-Semaine-1-PA_24_25-0001100-,0,0,0,0,0,0,0,20240201,20250228
070-LVVs-Semaine-1-PA_24_25-1111100-,0,0,0,0,0,0,0,20240201,20250228
070-SaHv-Samedi-1-PA_24_25-0000010-,0,0,0,0,0,0,0,20240201,20250228
072-DiHv-Dimanche-1-PA_24_25-0000001-,0,0,0,0,0,0,0,20240201,20250228
072-LVSc-Semaine-1-PA_24_25-1111100-,0,0,0,0,0,0,0,20240201,20250228
072-LVVs-Semaine-1-PA_24_25-1111100-,0,0,0,0,0,0,0,20240201,20250228
072-SaHv-Samedi-1-PA_24_25-0000010-,0,0,0,0,0,0,0,20240201,20250228
081-DiHv-Dimanche-2-PA_24_25-0000001-,0,0,0,0,0,0,0,20240201,20250228
081-LVSc-Semaine-2-PA_24_25-1101100-,0,0,0,0,0,0,0,20240201,20250228
081-LVSc-Semaine-2-PA_24_25-1111100-,0,0,0,0,0,0,0,20240201,20250228
081-LVVs-Semaine-2-PA_24_25-1111100-,0,0,0,0,0,0,0,20240201,20250228
081-SaHv-Samedi-3-PA_24_25-0000010-,0,0,0,0,0,0,0,20240201,20250228
082-LVHv-Semaine-1-PA_24_25-1111100-,0,0,0,0,0,0,0,20240201,20250228
082-SaHv-Samedi-1-PA_24_25-0000010-,0,0,0,0,0,0,0,20240201,20250228
083-LVSc-Semaine-2-PA_24_25-1111100-,0,0,0,0,0,0,0,20240201,20250228
083-LVVs-Semaine-1-PA_24_25-1111100-,0,0,0,0,0,0,0,20240201,20250228
083-SaHv-Samedi-1-PA_24_25-0000010-,0,0,0,0,0,0,0,20240201,20250228
083-SaHv-Samedi-2-PA_24_25-0000010-,0,0,0,0,0,0,0,20240201,20250228
084-LVSc-Semaine-1-PA_24_25-1111100-,0,0,0,0,0,0,0,20240201,20250228
084-LVVs-Semaine-1-PA_24_25-1111100-,0,0,0,0,0,0,0,20240201,20250228
084-SaHv-Samedi-1-PA_24_25-0000010-,0,0,0,0,0,0,0,20240201,20250228
087-LVSc-Semaine-1-PA_24_25-0001000-,0,0,0,0,0,0,0,20240201,20250228
087-LVSc-Semaine-1-PA_24_25-0010000-,0,0,0,0,0,0,0,20240201,20250228
087-LVSc-Semaine-1-PA_24_25-1101100-,0,0,0,0,0,0,0,20240201,20250228
087-LVSc-Semaine-1-PA_24_25-1110100-,0,0,0,0,0,0,0,20240201,20250228
087-LVSc-Semaine-1-PA_24_25-1111100-,0,0,0,0,0,0,0,20240201,20250228
087-LVVs-Semaine-1-PA_24_25-0001000-,0,0,0,0,0,0,0,20240201,20250228
087-LVVs-Semaine-1-PA_24_25-1110100-,0,0,0,0,0,0,0,20240201,20250228
087-LVVs-Semaine-1-PA_24_25-1111100-,0,0,0,0,0,0,0,20240201,20250228
087-SaHv-Samedi-1-PA_24_25-0000010-,0,0,0,0,0,0,0,20240201,20250228
091-LVSc-Semaine-3-PA_24_25-1111100-,0,0,0,0,0,0,0,20240201,20250228
091-LVVs-Semaine-4-PA_24_25-1111100-,0,0,0,0,0,0,0,20240201,20250228
091-SaHv-Samedi-2-PA_24_25-0000010-,0,0,0,0,0,0,0,20240201,20250228
092-LVSc-Semaine-1-PA_24_25-0010000-,0,0,0,0,0,0,0,20240201,20250228
092-LVSc-Semaine-1-PA_24_25-1111100-,0,0,0,0,0,0,0,20240201,20250228
092-LVVs-Semaine-1-PA_24_25-1111100-,0,0,0,0,0,0,0,20240201,20250228
092-SaHv-Samedi-1-PA_24_25-0000010-,0,0,0,0,0,0,0,20240201,20250228
098-LVSc-Semaine-2-PA_24_25-1111100-,0,0,0,0,0,0,0,20240201,20250228
098-LVVs-Semaine-1-PA_24_25-1111100-,0,0,0,0,0,0,0,20240201,20250228
098-SaHv-Samedi-1-PA_24_25-0000010-,0,0,0,0,0,0,0,20240201,20250228
098-SaHv-Samedi-2-PA_24_25-0000010-,0,0,0,0,0,0,0,20240201,20250228
102-DiHv-Dimanche-1-PA_24_25-0000001-,0,0,0,0,0,0,0,20240201,20250228
102-LVHv-Semaine-1-PA_24_25-1111100-,0,0,0,0,0,0,0,20240201,20250228
102-SaHv-Samedi-1-PA_24_25-0000010-,0,0,0,0,0,0,0,20240201,20250228
103-DiHv-Dimanche-1-PA_24_25-0000001-,0,0,0,0,0,0,0,20240201,20250228
103-LVSc-Semaine-1-PA_24_25-0010000-,0,0,0,0,0,0,0,20240201,20250228
103-LVSc-Semaine-1-PA_24_25-1101100-,0,0,0,0,0,0,0,20240201,20250228
103-LVSc-Semaine-1-PA_24_25-1111100-,0,0,0,0,0,0,0,20240201,20250228
103-LVVs-Semaine-1-PA_24_25-1111100-,0,0,0,0,0,0,0,20240201,20250228
103-SaHv-Samedi-1-PA_24_25-0000010-,0,0,0,0,0,0,0,20240201,20250228
111-LVSc-Semaine-1-PA_24_25-1111100-,0,0,0,0,0,0,0,20240201,20250228
111-LVVs-Semaine-1-PA_24_25-1111100-,0,0,0,0,0,0,0,20240201,20250228
111-SaHv-Samedi-1-PA_24_25-0000010-,0,0,0,0,0,0,0,20240201,20250228
112-LVSc-Semaine-1-PA_24_25-1111100-,0,0,0,0,0,0,0,20240201,20250228
11B-LVSc-Semaine-1-PA_24_25-1111100-,0,0,0,0,0,0,0,20240201,20250228
11B-LVVs-Semaine-1-PA_24_25-1111100-,0,0,0,0,0,0,0,20240201,20250228
11B-SaHv-Samedi-1-PA_24_25-0000010-,0,0,0,0,0,0,0,20240201,20250228
120-LVHv-Semaine-1-PA_24_25-1111100-,0,0,0,0,0,0,0,20240201,20250228
120-SaHv-Samedi-1-PA_24_25-0000010-,0,0,0,0,0,0,0,20240201,20250228
129_SaHv-Samedi-1-PA_24_25-0000010-,0,0,0,0,0,0,0,20240201,20250228
129-LVSc-Semaine-1-PA_24_25-0010000-,0,0,0,0,0,0,0,20240201,20250228
129-LVSc-Semaine-1-PA_24_25-1111100-,0,0,0,0,0,0,0,20240201,20250228
129-LVVs-Semaine-1-PA_24_25-1111100-,0,0,0,0,0,0,0,20240201,20250228
191-DiHv-Dimanche-1-PA_24_25-0000001-,0,0,0,0,0,0,0,20240201,20250228
191-LVSc-Semaine-1-PA_24_25-1111100-,0,0,0,0,0,0,0,20240201,20250228
191-LVVs-Semaine-1-PA_24_25-1111100-,0,0,0,0,0,0,0,20240201,20250228
191-SaHv-Samedi-1-PA_24_25-0000010-,0,0,0,0,0,0,0,20240201,20250228
BN1-DiHv-Dimanche-1-PA_24_25-0000001-,0,0,0,0,0,0,0,20240201,20250228
BN1-LVSc-Semaine-1-PA_24_25-0000100-,0,0,0,0,0,0,0,20240201,20250228
BN1-LVSc-Semaine-1-PA_24_25-1111100-,0,0,0,0,0,0,0,20240201,20250228
BN1-LVVs-Semaine-1-PA_24_25-0000100-,0,0,0,0,0,0,0,20240201,20250228
BN1-LVVs-Semaine-1-PA_24_25-1111100-,0,0,0,0,0,0,0,20240201,20250228
BN1-SaHv-Samedi-1-PA_24_25-0000010-,0,0,0,0,0,0,0,20240201,20250228
BN2-LVSc-Semaine-1-PA_24_25-0000100-,0,0,0,0,0,0,0,20240201,20250228
BN2-LVSc-Semaine-1-PA_24_25-1111000-,0,0,0,0,0,0,0,20240201,20250228
BN2-LVSc-Semaine-1-PA_24_25-1111100-,0,0,0,0,0,0,0,20240201,20250228
BN3-LVSc-Semaine-1-PA_24_25-0000100-,0,0,0,0,0,0,0,20240201,20250228
BN3-LVSc-Semaine-1-PA_24_25-1111100-,0,0,0,0,0,0,0,20240201,20250228
BN3-LVVs-Semaine-1-PA_24_25-0000100-,0,0,0,0,0,0,0,20240201,20250228
BN3-LVVs-Semaine-1-PA_24_25-1111100-,0,0,0,0,0,0,0,20240201,20250228
LMMJVSD,1,1,1,1,1,1,1,20240203,20241123
TSCA01-Semaine-1-PA_24_25-0010000-,0,0,0,0,0,0,0,20240201,20250228
TSCA01-Semaine-1-PA_24_25-1101100-,0,0,0,0,0,0,0,20240201,20250228
TSCA01-Semaine-1-PA_24_25-1111100-,0,0,0,0,0,0,0,20240201,20250228
TSCA02-Semaine-1-PA_24_25-1101100-,0,0,0,0,0,0,0,20240201,20250228
TSCA03-Semaine-1-PA_24_25-1101100-,0,0,0,0,0,0,0,20240201,20250228
TSCR01-Semaine-1-PA_24_25-1101100-,0,0,0,0,0,0,0,20240201,20250228
TSCR0203-Semaine-1-PA_24_25-1101100-,0,0,0,0,0,0,0,20240201,20250228
TSCR04-Semaine-1-PA_24_25-1101100-,0,0,0,0,0,0,0,20240201,20250228
TSCR0609-Semaine-2-PA_24_25-0010000-,0,0,0,0,0,0,0,20240201,20250228
TSCR0609-Semaine-2-PA_24_25-1101100-,0,0,0,0,0,0,0,20240201,20250228
TSCR0609-Semaine-2-PA_24_25-1111100-,0,0,0,0,0,0,0,20240201,20250228
TSCR07-Semaine-1-PA_24_25-1101100-,0,0,0,0,0,0,0,20240201,20250228
TSCR07-Semaine-1-PA_24_25-1111100-,0,0,0,0,0,0,0,20240201,20250228
TSCR08-Semaine-1-PA_24_25-0010000-,0,0,0,0,0,0,0,20240201,20250228
TSCR08-Semaine-1-PA_24_25-1101100-,0,0,0,0,0,0,0,20240201,20250228
TSCR08-Semaine-1-PA_24_25-1111100-,0,0,0,0,0,0,0,20240201,20250228
TSCR11-Semaine-2-PA_24_25-0000100-,0,0,0,0,0,0,0,20240201,20250228
TSCR11-Semaine-2-PA_24_25-0010000-,0,0,0,0,0,0,0,20240201,20250228
TSCR11-Semaine-2-PA_24_25-0111100-,0,0,0,0,0,0,0,20240201,20250228
TSCR11-Semaine-2-PA_24_25-1000000-,0,0,0,0,0,0,0,20240201,20250228
TSCR11-Semaine-2-PA_24_25-1101100-,0,0,0,0,0,0,0,20240201,20250228
TSCR11-Semaine-2-PA_24_25-1111100-,0,0,0,0,0,0,0,20240201,20250228
TSGA01-Semaine-1-PA_24_25-1101100-,0,0,0,0,0,0,0,20240201,20250228
TSGA01-Semaine-1-PA_24_25-1111100-,0,0,0,0,0,0,0,20240201,20250228
TSHY01-Semaine-1-PA_24_25-1101100-,0,0,0,0,0,0,0,20240201,20250228
TSHY02-Semaine-1-PA_24_25-1101100-,0,0,0,0,0,0,0,20240201,20250228
TSHY03-Semaine-1-PA_24_25-1101100-,0,0,0,0,0,0,0,20240201,20250228
TSHY0506-Semaine-1-PA_24_25-1101100-,0,0,0,0,0,0,0,20240201,20250228
TSHY09-Semaine-1-PA_24_25-0010000-,0,0,0,0,0,0,0,20240201,20250228
TSHY09-Semaine-1-PA_24_25-1101100-,0,0,0,0,0,0,0,20240201,20250228
TSHY09-Semaine-1-PA_24_25-1111100-,0,0,0,0,0,0,0,20240201,20250228
TSHY11-Semaine-2-PA_24_25-0010000-,0,0,0,0,0,0,0,20240201,20250228
TSHY11-Semaine-2-PA_24_25-0010100-,0,0,0,0,0,0,0,20240201,20250228
TSHY11-Semaine-2-PA_24_25-1101100-,0,0,0,0,0,0,0,20240201,20250228
TSHY11-Semaine-2-PA_24_25-1111100-,0,0,0,0,0,0,0,20240201,20250228
TSHY14-Semaine-1-PA_24_25-0010000-,0,0,0,0,0,0,0,20240201,20250228
TSHY14-Semaine-1-PA_24_25-1101100-,0,0,0,0,0,0,0,20240201,20250228
TSHY14-Semaine-1-PA_24_25-1111100-,0,0,0,0,0,0,0,20240201,20250228
TSHY15-Semaine-1-PA_24_25-0010000-,0,0,0,0,0,0,0,20240201,20250228
TSHY15-Semaine-1-PA_24_25-1101100-,0,0,0,0,0,0,0,20240201,20250228
TSHY15-Semaine-1-PA_24_25-1111100-,0,0,0,0,0,0,0,20240201,20250228
TSHY16-Semaine-1-PA_24_25-0010000-,0,0,0,0,0,0,0,20240201,20250228
TSHY16-Semaine-1-PA_24_25-1101100-,0,0,0,0,0,0,0,20240201,20250228
TSHY16-Semaine-1-PA_24_25-1111100-,0,0,0,0,0,0,0,20240201,20250228
TSHY17-Semaine-1-PA_24_25-0010000-,0,0,0,0,0,0,0,20240201,20250228
TSHY17-Semaine-1-PA_24_25-1101100-,0,0,0,0,0,0,0,20240201,20250228
TSHY17-Semaine-1-PA_24_25-1111100-,0,0,0,0,0,0,0,20240201,20250228
TSHY18-Semaine-1-PA_24_25-0010000-,0,0,0,0,0,0,0,20240201,20250228
TSHY18-Semaine-1-PA_24_25-1101100-,0,0,0,0,0,0,0,20240201,20250228
TSHY18-Semaine-1-PA_24_25-1111100-,0,0,0,0,0,0,0,20240201,20250228
TSHY18B-Semaine-2-PA_24_25-0010000-,0,0,0,0,0,0,0,20240201,20250228
TSHY18B-Semaine-2-PA_24_25-1101100-,0,0,0,0,0,0,0,20240201,20250228
TSHY18B-Semaine-2-PA_24_25-1111100-,0,0,0,0,0,0,0,20240201,20250228
TSOL01-Semaine-1-PA_24_25-1101100-,0,0,0,0,0,0,0,20240201,20250228
TSOL02-Semaine-1-PA_24_25-0010000-,0,0,0,0,0,0,0,20240201,20250228
TSOL02-Semaine-1-PA_24_25-1101100-,0,0,0,0,0,0,0,20240201,20250228
TSOL02-Semaine-1-PA_24_25-1111100-,0,0,0,0,0,0,0,20240201,20250228
TSOL03-Semaine-2-PA_24_25-0010000-,0,0,0,0,0,0,0,20240201,20250228
TSOL03-Semaine-2-PA_24_25-1101100-,0,0,0,0,0,0,0,20240201,20250228
TSOL03-Semaine-2-PA_24_25-1111100-,0,0,0,0,0,0,0,20240201,20250228
TSRE01-Semaine-1-PA_24_25-1101100-,0,0,0,0,0,0,0,20240201,20250228
TSSF01-Semaine-2-PA_24_25-0000100-,0,0,0,0,0,0,0,20240201,20250228
TSSF01-Semaine-2-PA_24_25-0010000-,0,0,0,0,0,0,0,20240201,20250228
TSSF01-Semaine-2-PA_24_25-1101000-,0,0,0,0,0,0,0,20240201,20250228
TSSF01-Semaine-2-PA_24_25-1111100-,0,0,0,0,0,0,0,20240201,20250228
TSSF02-Semaine-1-PA_24_25-0000100-,0,0,0,0,0,0,0,20240201,20250228
TSSF02-Semaine-1-PA_24_25-0010000-,0,0,0,0,0,0,0,20240201,20250228
TSSF02-Semaine-1-PA_24_25-1101000-,0,0,0,0,0,0,0,20240201,20250228
TSSF02-Semaine-1-PA_24_25-1111100-,0,0,0,0,0,0,0,20240201,20250228
TSSF05-Semaine-1-PA_24_25-0000100-,0,0,0,0,0,0,0,20240201,20250228
TSSF05-Semaine-1-PA_24_25-0010000-,0,0,0,0,0,0,0,20240201,20250228
TSSF05-Semaine-1-PA_24_25-1101000-,0,0,0,0,0,0,0,20240201,20250228
TSSF05-Semaine-1-PA_24_25-1111100-,0,0,0,0,0,0,0,20240201,20250228
TSSF34-Semaine-1-PA_24_25-0010000-,0,0,0,0,0,0,0,20240201,20250228
TSSF34-Semaine-1-PA_24_25-1101100-,0,0,0,0,0,0,0,20240201,20250228
TSSF34-Semaine-1-PA_24_25-1111100-,0,0,0,0,0,0,0,20240201,20250228
TSTL01B-Semaine-1-PA_24_25-0010000-,0,0,0,0,0,0,0,20240201,20250228
TSTL01B-Semaine-1-PA_24_25-1101100-,0,0,0,0,0,0,0,20240201,20250228
TSTL01B-Semaine-1-PA_24_25-1111100-,0,0,0,0,0,0,0,20240201,20250228
TSTL01F-Semaine-1-PA_24_25-0010000-,0,0,0,0,0,0,0,20240201,20250228
TSTL01F-Semaine-1-PA_24_25-1101100-,0,0,0,0,0,0,0,20240201,20250228
TSTL01F-Semaine-1-PA_24_25-1111100-,0,0,0,0,0,0,0,20240201,20250228
TSTL02B-Semaine-2-PA_24_25-0010000-,0,0,0,0,0,0,0,20240201,20250228
TSTL02B-Semaine-2-PA_24_25-1101100-,0,0,0,0,0,0,0,20240201,20250228
TSTL02B-Semaine-2-PA_24_25-1111100-,0,0,0,0,0,0,0,20240201,20250228
TSTL02F-Semaine-1-PA_24_25-0010000-,0,0,0,0,0,0,0,20240201,20250228
TSTL02F-Semaine-1-PA_24_25-1101100-,0,0,0,0,0,0,0,20240201,20250228
TSTL02F-Semaine-1-PA_24_25-1111100-,0,0,0,0,0,0,0,20240201,20250228
TSTL03B-Semaine-1-PA_24_25-0010000-,0,0,0,0,0,0,0,20240201,20250228
TSTL03B-Semaine-1-PA_24_25-1101100-,0,0,0,0,0,0,0,20240201,20250228
TSTL03B-Semaine-1-PA_24_25-1111100-,0,0,0,0,0,0,0,20240201,20250228
TSTL03F-Semaine-1-PA_24_25-0010000-,0,0,0,0,0,0,0,20240201,20250228
TSTL03F-Semaine-1-PA_24_25-1101100-,0,0,0,0,0,0,0,20240201,20250228
TSTL03F-Semaine-1-PA_24_25-1111100-,0,0,0,0,0,0,0,20240201,20250228
TSTL04B-Semaine-1-PA_24_25-0010000-,0,0,0,0,0,0,0,20240201,20250228
TSTL04B-Semaine-1-PA_24_25-1101100-,0,0,0,0,0,0,0,20240201,20250228
TSTL04B-Semaine-1-PA_24_25-1111100-,0,0,0,0,0,0,0,20240201,20250228
TSTL04F-Semaine-1-PA_24_25-0010000-,0,0,0,0,0,0,0,20240201,20250228
TSTL04F-Semaine-1-PA_24_25-1101100-,0,0,0,0,0,0,0,20240201,20250228
TSTL04F-Semaine-1-PA_24_25-1111100-,0,0,0,0,0,0,0,20240201,20250228
TSTL08-Semaine-1-PA_24_25-0010000-,0,0,0,0,0,0,0,20240201,20250228
TSTL08-Semaine-1-PA_24_25-1101100-,0,0,0,0,0,0,0,20240201,20250228
TSTL08-Semaine-1-PA_24_25-1111100-,0,0,0,0,0,0,0,20240201,20250228
TSTL09-Semaine-1-PA_24_25-0010000-,0,0,0,0,0,0,0,20240201,20250228
TSTL09-Semaine-1-PA_24_25-1101100-,0,0,0,0,0,0,0,20240201,20250228
TSTL09-Semaine-1-PA_24_25-1111100-,0,0,0,0,0,0,0,20240201,20250228
TSTL10-Semaine-2-PA_24_25-0010000-,0,0,0,0,0,0,0,20240201,20250228
TSTL10-Semaine-2-PA_24_25-1101100-,0,0,0,0,0,0,0,20240201,20250228
TSTL10-Semaine-2-PA_24_25-1111100-,0,0,0,0,0,0,0,20240201,20250228
TSTL11-Semaine-1-PA_24_25-0010000-,0,0,0,0,0,0,0,20240201,20250228
TSTL11-Semaine-1-PA_24_25-1101100-,0,0,0,0,0,0,0,20240201,20250228
TSTL11-Semaine-1-PA_24_25-1111100-,0,0,0,0,0,0,0,20240201,20250228
TSVA01-Semaine-1-PA_24_25-1101100-,0,0,0,0,0,0,0,20240201,20250228
TSVA02-Semaine-1-PA_24_25-1101100-,0,0,0,0,0,0,0,20240201,20250228
TSVA03-Semaine-1-PA_24_25-0010000-,0,0,0,0,0,0,0,20240201,20250228
TSVA03-Semaine-1-PA_24_25-1101100-,0,0,0,0,0,0,0,20240201,20250228
TSVA03-Semaine-1-PA_24_25-1111100-,0,0,0,0,0,0,0,20240201,20250228
U-LVSc-Semaine-1-PA_24_25-1111100-,0,0,0,0,0,0,0,20240201,20250228
U-LVVs-Semaine-1-PA_24_25-1111100-,0,0,0,0,0,0,0,20240201,20250228
U-SaHv-Samedi-1-PA_24_25-0000010-,0,0,0,0,0,0,0,20240201,20250228
